6.500000000000000000e+01 2.000000000000000042e-02 1.000000000000000056e-01 5.000000000000000278e-02 2.000000000000000125e-09 9.599999999999999645e-01
6.551680886582533958e+01 2.055214995278375339e-02 1.007514094193139864e-01 2.260781420794097038e-02 1.914842823269585771e-09 9.747652283204127910e-01
6.551680886582533958e+01 2.055214995278375339e-02 1.007514094193139864e-01 2.260781420794097038e-02 1.914842823269585771e-09 9.747652283204127910e-01
6.405660568832394119e+01 2.047954593586965438e-02 1.050341141423467989e-01 3.106369794119732616e-02 1.975257131509453550e-09 9.727468252724339459e-01
6.405660568832394119e+01 2.047954593586965438e-02 1.050341141423467989e-01 3.106369794119732616e-02 1.975257131509453550e-09 9.727468252724339459e-01
6.405660568832394119e+01 2.047954593586965438e-02 1.050341141423467989e-01 3.106369794119732616e-02 1.975257131509453550e-09 9.727468252724339459e-01
6.405660568832394119e+01 2.047954593586965438e-02 1.050341141423467989e-01 3.106369794119732616e-02 1.975257131509453550e-09 9.727468252724339459e-01
6.405660568832394119e+01 2.047954593586965438e-02 1.050341141423467989e-01 3.106369794119732616e-02 1.975257131509453550e-09 9.727468252724339459e-01
6.405660568832394119e+01 2.047954593586965438e-02 1.050341141423467989e-01 3.106369794119732616e-02 1.975257131509453550e-09 9.727468252724339459e-01
6.405660568832394119e+01 2.047954593586965438e-02 1.050341141423467989e-01 3.106369794119732616e-02 1.975257131509453550e-09 9.727468252724339459e-01
