1.544159875055957400e+03
1.544159875055957400e+03
1.544159875055957400e+03
1.544159875055957400e+03
1.544159875055957400e+03
1.544159875055957400e+03
1.544159875055957400e+03
1.544159875055957400e+03
1.544159875055957400e+03
1.544159875055957400e+03
1.544159875055957400e+03
1.544159875055957400e+03
1.544159875055957400e+03
1.544159875055957400e+03
1.544159875055957400e+03
1.544159875055957400e+03
1.544159875055957400e+03
1.544159875055957400e+03
1.544159875055957400e+03
1.544159875055957400e+03
1.544159875055957400e+03
1.544159875055957400e+03
1.542148713100863915e+03
1.542148713100863915e+03
1.542148713100863915e+03
1.542148713100863915e+03
1.542148713100863915e+03
1.542148713100863915e+03
1.542148713100863915e+03
1.542148713100863915e+03
1.520736539498186858e+03
1.520736539498186858e+03
1.520736539498186858e+03
1.477579692281853568e+03
1.477579692281853568e+03
1.464412218697997787e+03
1.464412218697997787e+03
1.464412218697997787e+03
1.464412218697997787e+03
1.464412218697997787e+03
1.464412218697997787e+03
1.464412218697997787e+03
1.464412218697997787e+03
1.464412218697997787e+03
1.464412218697997787e+03
1.464412218697997787e+03
1.464412218697997787e+03
1.464412218697997787e+03
1.464412218697997787e+03
1.464412218697997787e+03
