6.563277700994699160e+01 2.029741859680739627e-02 1.001402202809824615e-01 6.271689407215376433e-02 2.050620054930901503e-09 9.629463226639377593e-01
6.563277700994699160e+01 2.029741859680739627e-02 1.001402202809824615e-01 6.271689407215376433e-02 2.050620054930901503e-09 9.629463226639377593e-01
6.563277700994699160e+01 2.029741859680739627e-02 1.001402202809824615e-01 6.271689407215376433e-02 2.050620054930901503e-09 9.629463226639377593e-01
6.563277700994699160e+01 2.029741859680739627e-02 1.001402202809824615e-01 6.271689407215376433e-02 2.050620054930901503e-09 9.629463226639377593e-01
6.563277700994699160e+01 2.029741859680739627e-02 1.001402202809824615e-01 6.271689407215376433e-02 2.050620054930901503e-09 9.629463226639377593e-01
6.563277700994699160e+01 2.029741859680739627e-02 1.001402202809824615e-01 6.271689407215376433e-02 2.050620054930901503e-09 9.629463226639377593e-01
6.563277700994699160e+01 2.029741859680739627e-02 1.001402202809824615e-01 6.271689407215376433e-02 2.050620054930901503e-09 9.629463226639377593e-01
6.563277700994699160e+01 2.029741859680739627e-02 1.001402202809824615e-01 6.271689407215376433e-02 2.050620054930901503e-09 9.629463226639377593e-01
6.563277700994699160e+01 2.029741859680739627e-02 1.001402202809824615e-01 6.271689407215376433e-02 2.050620054930901503e-09 9.629463226639377593e-01
6.563277700994699160e+01 2.029741859680739627e-02 1.001402202809824615e-01 6.271689407215376433e-02 2.050620054930901503e-09 9.629463226639377593e-01
6.563277700994699160e+01 2.029741859680739627e-02 1.001402202809824615e-01 6.271689407215376433e-02 2.050620054930901503e-09 9.629463226639377593e-01
6.563277700994699160e+01 2.029741859680739627e-02 1.001402202809824615e-01 6.271689407215376433e-02 2.050620054930901503e-09 9.629463226639377593e-01
6.563277700994699160e+01 2.029741859680739627e-02 1.001402202809824615e-01 6.271689407215376433e-02 2.050620054930901503e-09 9.629463226639377593e-01
6.563277700994699160e+01 2.029741859680739627e-02 1.001402202809824615e-01 6.271689407215376433e-02 2.050620054930901503e-09 9.629463226639377593e-01
6.563277700994699160e+01 2.029741859680739627e-02 1.001402202809824615e-01 6.271689407215376433e-02 2.050620054930901503e-09 9.629463226639377593e-01
6.563277700994699160e+01 2.029741859680739627e-02 1.001402202809824615e-01 6.271689407215376433e-02 2.050620054930901503e-09 9.629463226639377593e-01
6.563277700994699160e+01 2.029741859680739627e-02 1.001402202809824615e-01 6.271689407215376433e-02 2.050620054930901503e-09 9.629463226639377593e-01
6.563277700994699160e+01 2.029741859680739627e-02 1.001402202809824615e-01 6.271689407215376433e-02 2.050620054930901503e-09 9.629463226639377593e-01
6.563277700994699160e+01 2.029741859680739627e-02 1.001402202809824615e-01 6.271689407215376433e-02 2.050620054930901503e-09 9.629463226639377593e-01
6.563277700994699160e+01 2.029741859680739627e-02 1.001402202809824615e-01 6.271689407215376433e-02 2.050620054930901503e-09 9.629463226639377593e-01
6.563277700994699160e+01 2.029741859680739627e-02 1.001402202809824615e-01 6.271689407215376433e-02 2.050620054930901503e-09 9.629463226639377593e-01
6.563277700994699160e+01 2.029741859680739627e-02 1.001402202809824615e-01 6.271689407215376433e-02 2.050620054930901503e-09 9.629463226639377593e-01
6.583809120520089664e+01 2.026863733452779689e-02 9.936800524221091335e-02 6.722005090281225892e-02 2.059488149369522232e-09 9.617002701776767859e-01
6.583809120520089664e+01 2.026863733452779689e-02 9.936800524221091335e-02 6.722005090281225892e-02 2.059488149369522232e-09 9.617002701776767859e-01
6.583809120520089664e+01 2.026863733452779689e-02 9.936800524221091335e-02 6.722005090281225892e-02 2.059488149369522232e-09 9.617002701776767859e-01
6.583809120520089664e+01 2.026863733452779689e-02 9.936800524221091335e-02 6.722005090281225892e-02 2.059488149369522232e-09 9.617002701776767859e-01
6.583809120520089664e+01 2.026863733452779689e-02 9.936800524221091335e-02 6.722005090281225892e-02 2.059488149369522232e-09 9.617002701776767859e-01
6.583809120520089664e+01 2.026863733452779689e-02 9.936800524221091335e-02 6.722005090281225892e-02 2.059488149369522232e-09 9.617002701776767859e-01
6.583809120520089664e+01 2.026863733452779689e-02 9.936800524221091335e-02 6.722005090281225892e-02 2.059488149369522232e-09 9.617002701776767859e-01
6.583809120520089664e+01 2.026863733452779689e-02 9.936800524221091335e-02 6.722005090281225892e-02 2.059488149369522232e-09 9.617002701776767859e-01
6.531735223140489666e+01 2.038772909709017644e-02 1.017589917483932710e-01 6.483280867025564831e-02 2.068183339155775100e-09 9.588999447505911489e-01
6.531735223140489666e+01 2.038772909709017644e-02 1.017589917483932710e-01 6.483280867025564831e-02 2.068183339155775100e-09 9.588999447505911489e-01
6.531735223140489666e+01 2.038772909709017644e-02 1.017589917483932710e-01 6.483280867025564831e-02 2.068183339155775100e-09 9.588999447505911489e-01
6.499345926891064096e+01 2.073654333750493683e-02 1.049139792601589127e-01 6.882196355062175641e-02 2.114671537014889975e-09 9.651179153825379942e-01
6.499345926891064096e+01 2.073654333750493683e-02 1.049139792601589127e-01 6.882196355062175641e-02 2.114671537014889975e-09 9.651179153825379942e-01
6.471477452293291321e+01 2.050645765886253621e-02 1.047047076015977657e-01 6.628847887483609036e-02 2.089399330584381550e-09 9.571211882939232307e-01
6.471477452293291321e+01 2.050645765886253621e-02 1.047047076015977657e-01 6.628847887483609036e-02 2.089399330584381550e-09 9.571211882939232307e-01
6.471477452293291321e+01 2.050645765886253621e-02 1.047047076015977657e-01 6.628847887483609036e-02 2.089399330584381550e-09 9.571211882939232307e-01
6.471477452293291321e+01 2.050645765886253621e-02 1.047047076015977657e-01 6.628847887483609036e-02 2.089399330584381550e-09 9.571211882939232307e-01
6.471477452293291321e+01 2.050645765886253621e-02 1.047047076015977657e-01 6.628847887483609036e-02 2.089399330584381550e-09 9.571211882939232307e-01
6.471477452293291321e+01 2.050645765886253621e-02 1.047047076015977657e-01 6.628847887483609036e-02 2.089399330584381550e-09 9.571211882939232307e-01
6.471477452293291321e+01 2.050645765886253621e-02 1.047047076015977657e-01 6.628847887483609036e-02 2.089399330584381550e-09 9.571211882939232307e-01
6.471477452293291321e+01 2.050645765886253621e-02 1.047047076015977657e-01 6.628847887483609036e-02 2.089399330584381550e-09 9.571211882939232307e-01
6.471477452293291321e+01 2.050645765886253621e-02 1.047047076015977657e-01 6.628847887483609036e-02 2.089399330584381550e-09 9.571211882939232307e-01
6.471477452293291321e+01 2.050645765886253621e-02 1.047047076015977657e-01 6.628847887483609036e-02 2.089399330584381550e-09 9.571211882939232307e-01
6.471477452293291321e+01 2.050645765886253621e-02 1.047047076015977657e-01 6.628847887483609036e-02 2.089399330584381550e-09 9.571211882939232307e-01
6.471477452293291321e+01 2.050645765886253621e-02 1.047047076015977657e-01 6.628847887483609036e-02 2.089399330584381550e-09 9.571211882939232307e-01
6.471477452293291321e+01 2.050645765886253621e-02 1.047047076015977657e-01 6.628847887483609036e-02 2.089399330584381550e-09 9.571211882939232307e-01
6.471477452293291321e+01 2.050645765886253621e-02 1.047047076015977657e-01 6.628847887483609036e-02 2.089399330584381550e-09 9.571211882939232307e-01
6.471477452293291321e+01 2.050645765886253621e-02 1.047047076015977657e-01 6.628847887483609036e-02 2.089399330584381550e-09 9.571211882939232307e-01
