-366.24486454603334
-366.26774638787515
-366.2838975239157
-366.31193888472455
-366.3497633191609
-366.38722382303655
-366.43109261198146
-366.4827952564956
-366.53949057619326
-366.59899845488604
-366.66447447935076
-366.7396918531183
-366.8181381858962
-366.90388309625354
-366.99537820388537
-367.0975539756817
-367.21363377173225
-367.3478299300874
-367.50695592490786
-367.83998981574973
-368.2733580379923
-368.45037851262924
-368.3113184395702
-367.98245341753204
-367.62531359512
-367.29841744128373
-367.0082477243221
-366.7587244982022
-366.54071627804666
-366.3341771249856
-366.16944286094724
-366.037097026863
-365.8764230572935
-365.7131042173381
-365.5545221236161
-365.41397905809987
-365.31616524243833
-365.23506239523664
-365.1584170712425
-365.0784325921319
-365.01216993279473
-364.9662053867282
-364.9363236261985
-364.91948569384954
-364.8992339618577
-364.87823530971093
-364.84781599762385
-364.8348834574787
-364.83672885739855
-364.8720657695543
-364.9105987789938
