-72.50264366153341
-72.50264364920749
-72.50264362861361
-72.50264359958804
-72.502643561606
-72.50264351325757
-72.50264345219449
-72.50264337471356
-72.50264327579883
-72.50264314854755
-72.50264298247215
-72.50264276845884
-72.50264249775513
-72.50264215640235
-72.5026417358303
-72.50264121989291
-72.50264059154941
-72.50263984014222
-72.50263893759579
-72.50263791902938
-72.50263679596334
-72.50263554341188
-72.50263419329363
-72.50263280810348
-72.50263141389216
-72.50262993249382
-72.50262839246903
-72.50262693170033
-72.5026256306946
-72.50262423588867
-72.50262271311847
-72.50262109671866
-72.50261920110583
-72.50261729780675
-72.5026156493594
-72.50261409800349
-72.50261200373788
-72.50260990546582
-72.50260853674548
-72.502607270022
-72.50260606279778
-72.50260458807846
-72.50260307527547
-72.50260173123645
-72.50260021201952
-72.50259844443161
-72.50259664241973
-72.50259497008359
-72.50259361585073
-72.50259270209072
-72.50259140830495
-72.50259025042267
-72.50258936241467
-72.5025888810768
-72.50258833740143
-72.50258724414105
-72.50258629048727
-72.50258549600035
-72.5025840758334
-72.50258263630535
-72.50258230807943
-72.50258175476762
-72.50258095335217
-72.50257966843552
-72.50257820285034
-72.50257734605049
-72.50257661955436
-72.5025758507695
-72.502575417249
-72.5025748245589
-72.50257460788164
-72.50257399015061
-72.50257313316739
-72.50257223561566
-72.50257039423349
-72.50256726278502
-72.50256481063903
-72.50256402320439
-72.50256327488654
-72.50255891050152
-72.50255694730807
-72.5025562756882
-72.50255523236561
-72.50255536649918
-72.50255475089693
-72.50255454261074
-72.50255364350961
-72.50255276851634
-72.50255137799029
-72.50255034902128
-72.50254883840782
-72.50254857322946
-72.50254741939413
-72.50254806488788
-72.50254798763221
-72.50254858301368
-72.50254772640594
-72.50254723866685
-72.50254691406788
-72.50254565651298
-72.50254483569664
-72.5025445367741
-72.50254460105988
-72.50254419331492
-72.50254336836392
-72.50254209056676
-72.5025405087421
-72.50253878336432
-72.50253860078467
-72.50253802521425
-72.50253728926855
-72.50253660823213
-72.50253691623998
-72.5025356824076
-72.50253483944337
-72.50253473586405
-72.5025343611627
-72.50253425156343
-72.50253360057465
-72.50253311842577
-72.50253343744293
-72.50253287594452
-72.50253163907092
-72.50253089858325
-72.50252966673993
-72.50252765929713
-72.50252346680561
-72.50251777106132
-72.5025136015252
-72.50251064163025
-72.5025101238314
-72.50251058235266
-72.50251137427323
-72.50251346708188
-72.50251530361747
-72.5025170735245
-72.5025178529987
-72.50251759783472
-72.50251545890164
-72.50251079240262
-72.50250681224784
-72.50250430178515
-72.50250456532181
-72.50250238085384
-72.50250144786744
-72.50249951775069
-72.50249952070175
-72.5024979071645
-72.50249813928436
-72.50249851631845
-72.50249830367137
-72.50249743015476
-72.50249646480823
-72.50249574973486
-72.50249545897927
-72.502493458159
-72.50249036168083
-72.50248474905995
-72.50248380128804
-72.50248371519672
-72.50248476604934
-72.50248610975794
-72.5024866060874
-72.5024883216758
-72.50248990524908
-72.50249073296179
-72.50249161476127
-72.50249241109596
-72.50249261474475
-72.50249278146057
-72.50249295804225
-72.5024928788433
-72.5024925681759
-72.50249205804141
-72.50249136307508
-72.50249041454525
-72.50248946656232
-72.50248862335285
-72.50248782639198
-72.50248695151251
-72.50248591106462
-72.50248455621136
-72.50248293251029
-72.50248090127918
-72.50247805439754
-72.50247534048886
-72.50247229734485
-72.50246780907018
-72.50246165189218
-72.5024573324614
-72.50244988375611
-72.50243793483317
-72.50242100227176
-72.50238943874537
-72.502368718655
-72.50234418088847
-72.50224518812185
-72.50217937519805
-72.50224795617561
-72.50226618397983
-72.50228160244887
-72.50229185603824
-72.50229858117713
-72.50230555951019
-72.50231199680589
-72.50231795237697
-72.50232277408765
-72.50232691260481
-72.5023305960611
-72.5023338120311
-72.50233638432326
-72.50233845614689
-72.50234009684577
-72.50234137171958
-72.50234235464994
-72.50234286289107
-72.50234268396024
-72.50234149078098
-72.50233964289541
-72.5023386792375
-72.50233735709574
-72.50233500547097
-72.5023289835619
-72.50231631356675
-72.50229579568183
-72.50229439955571
-72.50230500521602
-72.5023139873068
-72.50231837603356
-72.50232199898207
-72.50232403691075
-72.50232534397792
-72.50232612452616
-72.50232665106564
-72.50232687204044
-72.50232690028417
-72.50232672558317
-72.50232642183438
-72.50232595585247
-72.50232532484667
-72.50232466603251
-72.50232388180859
-72.50232308562445
-72.50232232235206
-72.50232160908125
-72.50232083754392
-72.50231990645773
-72.50231879261914
-72.50231772719712
-72.50231645397528
-72.502315179151
-72.50231329031388
-72.50231169661714
-72.50230955036591
-72.50230691634331
-72.50230539466769
-72.5023027807546
-72.50229977305574
-72.50229764877822
-72.5022940071705
-72.50229240247315
-72.50229083152763
-72.5022919484973
-72.50229135481251
-72.50229192215956
-72.50229220895208
-72.50229348382057
-72.5022951578114
-72.5022963267781
-72.50229703131963
-72.50229845710756
-72.50230014196761
-72.5023013651049
-72.50230235235128
-72.5023032181242
-72.50230421928403
-72.50230524432841
-72.50230592213467
-72.50230638586824
-72.50230686255944
-72.50230722877713
-72.50230746635737
-72.50230766690952
-72.50230781440007
-72.50230788098564
-72.50230786013317
-72.50230772742877
-72.50230755200408
-72.50230731862075
-72.502307089191
-72.50230687596392
-72.50230660907926
-72.50230629035038
-72.50230588088006
-72.50230545045576
-72.50230498649067
-72.50230442881323
-72.50230382155253
-72.50230311230793
-72.50230232418535
-72.50230143788706
