-71.94647886352975
-71.94704637769604
-71.94790349311013
-71.94889461217208
-71.9500618972943
-71.95137469407099
-71.95280332501281
-71.95436127557565
-71.9559950271965
-71.95773812191054
-71.95956120743675
-71.96148778936669
-71.9634909552219
-71.96556540579093
-71.96772212002611
-71.96996839275083
-71.97226407339605
-71.97462872796679
-71.97705047963426
-71.9795294663354
-71.98205186179682
-71.98459287324917
-71.98708921271798
-71.98967715180697
-71.99229390217218
-71.99483116792459
-71.99727719119065
-71.99989846721397
-72.00249549634566
-72.00502070884423
-72.00739301461223
-72.00922284980231
-72.01135920458931
-72.01320281073919
-72.01449817058156
-72.0152664897851
-72.0133657622922
-72.01504042616473
-72.01499092532899
-72.01398598590434
-72.00855025290275
-71.98049644074906
-71.99683938382027
-71.99872693196654
-71.9963378577772
-71.99137807849898
-71.98469683158267
-71.97726151664543
-71.96920385873044
-71.96116383240852
-71.95343125151867
-71.94689936755658
-71.94165997510379
-71.93756433654129
-71.93401062270257
-71.93148333429444
-71.92943749900803
-71.92837445415539
-71.92772509494304
-71.92709735010675
-71.9261003800272
-71.92526091050757
-71.92427050663424
-71.9231586728353
-71.92198671873112
-71.92078455231893
-71.92020687094647
-71.91979552216236
-71.91902415412831
-71.91838278507153
-71.91760988016377
-71.91673062114114
-71.91623373795773
-71.91563465612451
-71.9147721972965
-71.9143186933005
-71.91420165550207
-71.91388036087305
-71.91360247550531
-71.91370790454067
-71.91375922381823
-71.91366361897406
-71.91379993644118
-71.91397416324534
-71.91362194283853
-71.91369507315163
-71.91369411389958
-71.91357663398644
-71.9133142572031
-71.91327869256929
-71.91315158792474
-71.91332600783761
-71.91309238009875
-71.91344839342166
-71.91359885965106
-71.91362639084373
-71.91373544052061
-71.91394826139722
-71.91386491366873
-71.91381859428635
-71.91395005108524
-71.91420426747086
-71.91464650219199
-71.91496587667199
-71.91568727576177
-71.91626104320756
-71.91650133925992
-71.91691017923978
-71.91696768057841
-71.91685829805941
-71.9168383985958
-71.91683223338796
-71.91707566691483
-71.91709158648217
-71.91697374127611
-71.91699234563366
-71.9170452016034
-71.91682879551732
-71.91679065255735
-71.91706972291121
-71.9169845451444
-71.91690329736382
-71.91712820074079
-71.9168038970275
-71.91685393223354
-71.91633346450327
-71.91587346355568
-71.91570578563575
-71.91539782790603
-71.91511486342128
-71.91498983511737
-71.91513130128996
-71.91539525320155
-71.91509878920981
-71.91484369153088
-71.91476325003786
-71.91470027162303
-71.91472190398575
-71.91457133845991
-71.91476707844906
-71.9149638227806
-71.91511469105102
-71.91505867984327
-71.91515197838595
-71.91496784045422
-71.91467122576132
-71.9146024221914
-71.91438050728637
-71.91413299193505
-71.91402423156379
-71.91414639631883
-71.91403318728239
-71.91439945799848
-71.91446804103701
-71.91434802097353
-71.91439761641989
-71.9144657586056
