-1580.6783658302336
-1580.6783658158276
-1580.6783657917683
-1580.6783657578833
-1580.678365714056
-1580.678365660024
-1580.6783655952356
-1580.678365519036
-1580.678365430872
-1580.6783653304715
-1580.6783652166628
-1580.6783650891775
-1580.678364946625
-1580.6783647882194
-1580.678364612597
-1580.678364419409
-1580.6783642065243
-1580.6783639725816
-1580.678363715278
-1580.6783634375186
-1580.6783631391763
-1580.678362820074
-1580.6783624836446
-1580.6783621314607
-1580.678361764596
-1580.6783613812506
-1580.678360984119
-1580.6783605741812
-1580.6783601526054
-1580.6783597217836
-1580.6783592877105
-1580.6783588371761
-1580.6783583602664
-1580.678357867446
-1580.6783573695664
-1580.6783568629135
-1580.6783563533845
-1580.6783558495915
-1580.6783553480793
-1580.6783548357364
-1580.6783543184342
-1580.6783537528888
-1580.678353151113
-1580.678352535921
-1580.6783519169098
-1580.6783512646846
-1580.6783505684568
-1580.678349827493
-1580.6783490589794
-1580.6783482341705
-1580.6783473537096
-1580.6783464350117
-1580.6783454532547
-1580.6783444102662
-1580.6783433428213
-1580.678342196833
-1580.6783409511054
-1580.6783395858454
-1580.6783381023736
-1580.6783365219878
-1580.678334798357
-1580.6783329600141
-1580.6783310943738
-1580.6783291641457
-1580.67832725421
-1580.678325365892
-1580.6783233146073
-1580.67832111926
-1580.6783186945913
-1580.6783161187866
-1580.6783135313424
-1580.6783109925236
-1580.678308524357
-1580.6783059894656
-1580.6783032861126
-1580.6783002913912
